results = [
0 2 80 2.19e-07
1 2 80 2.15e-07
2 1 32 2.74e-07
] ; resid = 0 ;
lnz = 5 ;
t = 6.8e-08 ;   % dense solve time
